Loner attack

WP 1
Torpedo value = -1
Sub rating	Tonnage Table							Skipper DRM
2-1-2		[0, 0, 1, 3, 4, 5, 6, 7, 9, 14, 18, 22]	+0/+1/+2
3-3-2		[0, 2, 3, 4, 5, 7, 8, 9, 12, 20, 24]	+0/+0/+1
4-2-3 		[1, 3, 4, 5, 6, 7, 9, 11, 13, 21, 25] 	+0/+0/+1
5-3-3		[1, 4, 5, 6, 7, 9, 10, 11, 14, 22, 27]	+0/+0/+1
6-6-6		[3, 5, 6, 7, 9, 10, 11, 13, 15, 28]		+0/+0/+0


WP 2
Torpedo value = -1
Sub rating	Tonnage Table							Skipper DRM
2-1-2		[0, 0, 1, 3, 4, 5, 6, 7, 9, 12, 15, 17]	+0/+1/+2
3-3-2		[0, 1, 3, 4, 5, 6, 8, 9, 10, 14, 17]	+0/+1/+1
3-3-2	 	[0, 1, 3, 4, 5, 6, 8, 9, 10, 14, 17] 	+0/+1/+1
4-2-3		[0, 2, 4, 5, 6, 7, 8, 10, 11, 15, 19] 	+0/+1/+1
5-3-3		[1, 4, 5, 6, 7, 8, 10, 11, 14, 19, 22] 	+0/+0/+1
6-6-6		[2, 4, 6, 7, 8, 9, 11, 12, 15, 19, 22] 	+0/+0/+1